[0m[38;2;0;0;0m[48;2;3;0;7m0[38;2;0;0;0m[48;2;4;1;10m0[38;2;0;0;0m[48;2;6;1;13m0[38;2;0;0;0m[48;2;7;0;16m0[38;2;0;0;0m[48;2;11;0;18m0[38;2;1;0;1m[48;2;17;1;23m0[38;2;2;0;2m[48;2;31;2;36m0[38;2;12;1;12m[48;2;85;5;80m0[38;2;48;5;45m[48;2;162;16;152m0[38;2;19;2;15m[48;2;101;12;84m0[38;2;23;1;20m[48;2;116;6;103m0[38;2;35;1;41m[48;2;139;5;166m0[38;2;1;0;4m[48;2;18;3;70m0[38;2;0;0;0m[48;2;4;2;7m0[38;2;0;0;0m[48;2;11;2;9m0[38;2;0;0;0m[48;2;5;2;2m0[38;2;3;1;3m[48;2;40;8;33m0[38;2;20;5;18m[48;2;99;22;88m0[38;2;29;7;27m[48;2;117;28;108m0[38;2;19;4;18m[48;2;97;20;88m0[38;2;2;0;2m[48;2;35;5;27m0[38;2;49;12;46m[48;2;152;36;141m0[38;2;53;13;50m[48;2;158;38;147m0[38;2;3;0;3m[48;2;36;6;37m0[38;2;5;0;12m[48;2;43;5;108m0[38;2;29;2;44m[48;2;120;9;182m0[38;2;22;2;27m[48;2;108;8;133m0[38;2;2;0;2m[48;2;35;4;36m0[38;2;20;2;17m[48;2;107;9;89m0[38;2;34;2;29m[48;2;140;9;121m0[38;2;32;2;29m[48;2;136;8;125m0[38;2;4;0;4m[48;2;51;2;50m0[38;2;1;0;1m[48;2;25;1;27m0[38;2;0;0;0m[48;2;12;0;16m0[38;2;0;0;0m[48;2;5;0;8m0[38;2;0;0;0m[48;2;1;1;3m0[38;2;0;0;0m[48;2;0;0;0m0[38;2;0;0;0m[48;2;0;0;0m000[0m
[0m[38;2;0;0;0m[48;2;6;2;13m0[38;2;0;0;0m[48;2;8;2;16m0[38;2;0;0;0m[48;2;11;1;18m0[38;2;0;0;1m[48;2;13;1;21m0[38;2;1;0;1m[48;2;20;1;27m0[38;2;2;0;2m[48;2;32;2;37m0[38;2;10;1;10m[48;2;77;4;73m0[38;2;43;3;38m[48;2;157;12;140m0[38;2;18;2;15m[48;2;98;13;83m0[38;2;3;0;3m[48;2;37;4;38m0[38;2;33;1;28m[48;2;144;3;123m0[38;2;45;1;48m[48;2;163;4;174m0[38;2;8;2;12m[48;2;59;11;89m0[38;2;64;19;62m[48;2;168;49;162m0[38;2;71;19;65m[48;2;180;47;165m0[38;2;62;18;58m[48;2;165;49;156m0[38;2;129;43;125m[48;2;232;78;225m1[38;2;147;55;142m[48;2;244;91;237m1[38;2;149;57;146m[48;2;245;93;240m1[38;2;111;37;106m[48;2;217;72;207m1[38;2;115;38;109m[48;2;221;73;209m1[38;2;56;14;50m[48;2;162;40;146m0[38;2;41;11;39m[48;2;135;38;128m0[38;2;20;5;22m[48;2;94;24;104m0[38;2;5;1;12m[48;2;43;6;110m0[38;2;28;3;44m[48;2;116;12;179m0[38;2;29;2;38m[48;2;122;9;159m0[38;2;6;0;7m[48;2;59;1;70m0[38;2;1;0;1m[48;2;24;3;26m0[38;2;9;1;7m[48;2;72;5;60m0[38;2;29;2;25m[48;2;128;10;113m0[38;2;33;3;29m[48;2;137;11;123m0[38;2;13;1;12m[48;2;86;5;79m0[38;2;2;0;2m[48;2;33;2;35m0[38;2;1;0;1m[48;2;17;1;20m0[38;2;0;0;0m[48;2;8;1;11m0[38;2;0;0;0m[48;2;2;1;4m0[38;2;0;0;0m[48;2;1;0;2m0[38;2;0;0;0m[48;2;0;0;0m0[38;2;0;0;0m[48;2;0;0;0m0[0m
[0m[38;2;0;0;1m[48;2;13;2;24m0[38;2;1;0;1m[48;2;16;2;26m0[38;2;1;0;1m[48;2;17;2;29m0[38;2;1;0;2m[48;2;23;2;33m0[38;2;2;0;3m[48;2;36;3;44m0[38;2;9;0;9m[48;2;72;4;70m0[38;2;42;3;37m[48;2;157;10;137m0[38;2;18;2;15m[48;2;100;9;87m0[38;2;0;0;1m[48;2;15;2;18m0[38;2;3;0;3m[48;2;42;1;45m0[38;2;48;1;40m[48;2;173;4;145m0[38;2;53;1;55m[48;2;177;5;182m0[38;2;9;1;17m[48;2;61;10;117m0[38;2;8;2;11m[48;2;58;16;77m0[38;2;6;1;6m[48;2;53;13;49m0[38;2;66;21;63m[48;2;168;53;161m0[38;2;85;25;78m[48;2;194;57;178m0[38;2;93;27;86m[48;2;203;60;188m0[38;2;88;25;79m[48;2;199;56;179m0[38;2;82;24;76m[48;2;190;56;176m0[38;2;77;23;71m[48;2;185;54;170m0[38;2;2;0;2m[48;2;34;6;29m0[38;2;0;0;0m[48;2;3;1;6m0[38;2;0;0;2m[48;2;9;2;51m0[38;2;4;1;12m[48;2;37;5;111m0[38;2;25;3;40m[48;2;106;13;171m0[38;2;36;4;50m[48;2;133;14;185m0[38;2;22;2;27m[48;2;106;8;134m0[38;2;4;0;5m[48;2;48;2;60m0[38;2;1;0;1m[48;2;18;1;24m0[38;2;2;0;2m[48;2;31;4;30m0[38;2;11;1;10m[48;2;81;7;68m0[38;2;30;2;27m[48;2;133;9;119m0[38;2;27;2;25m[48;2;126;8;114m0[38;2;6;0;6m[48;2;58;3;56m0[38;2;1;0;2m[48;2;29;1;32m0[38;2;0;0;1m[48;2;15;1;19m0[38;2;0;0;0m[48;2;7;1;11m0[38;2;0;0;0m[48;2;2;1;5m0[38;2;0;0;0m[48;2;0;0;2m0[0m
[0m[38;2;1;0;1m[48;2;18;2;31m0[38;2;1;0;2m[48;2;20;3;34m0[38;2;1;0;2m[48;2;25;2;38m0[38;2;2;0;3m[48;2;34;2;45m0[38;2;7;0;7m[48;2;64;3;65m0[38;2;41;2;37m[48;2;154;8;139m0[38;2;32;2;26m[48;2;136;10;114m0[38;2;6;0;5m[48;2;61;4;50m0[38;2;15;0;12m[48;2;96;3;78m0[38;2;26;1;22m[48;2;128;4;106m0[38;2;81;2;66m[48;2;224;6;183m0[38;2;54;2;56m[48;2;175;8;183m0[38;2;6;1;17m[48;2;49;6;129m0[38;2;1;0;3m[48;2;14;3;56m0[38;2;4;1;4m[48;2;43;12;41m0[38;2;19;5;18m[48;2;92;25;86m0[38;2;43;11;39m[48;2;141;37;128m0[38;2;77;23;72m[48;2;184;54;173m0[38;2;53;17;51m[48;2;151;48;143m0[38;2;43;11;39m[48;2;141;36;127m0[38;2;30;7;27m[48;2;120;27;108m0[38;2;70;20;66m[48;2;175;50;168m0[38;2;26;7;23m[48;2;109;28;99m0[38;2;0;0;2m[48;2;10;2;43m0[38;2;1;0;7m[48;2;20;3;92m0[38;2;12;2;24m[48;2;72;9;143m0[38;2;34;4;50m[48;2;127;14;187m0[38;2;38;4;53m[48;2;137;15;189m0[38;2;28;2;36m[48;2;120;10;154m0[38;2;16;1;19m[48;2;92;6;109m0[38;2;13;1;14m[48;2;85;4;93m0[38;2;11;0;11m[48;2;79;3;82m0[38;2;9;1;8m[48;2;70;5;66m0[38;2;19;1;17m[48;2;105;8;93m0[38;2;37;2;34m[48;2;146;10;132m0[38;2;18;1;17m[48;2;102;6;95m0[38;2;3;0;3m[48;2;42;2;44m0[38;2;1;0;1m[48;2;22;1;26m0[38;2;0;0;0m[48;2;12;0;16m0[38;2;0;0;0m[48;2;3;1;9m0[0m
[0m[38;2;1;0;2m[48;2;22;3;39m0[38;2;1;0;2m[48;2;26;3;42m0[38;2;2;0;3m[48;2;33;3;47m0[38;2;5;0;6m[48;2;50;4;58m0[38;2;27;2;25m[48;2;125;8;114m0[38;2;44;3;38m[48;2;161;11;138m0[38;2;15;1;12m[48;2;92;7;76m0[38;2;42;1;31m[48;2;164;4;122m0[38;2;65;2;49m[48;2;204;6;153m0[38;2;82;3;66m[48;2;226;8;180m0[38;2;99;3;82m[48;2;248;7;205m0[38;2;44;2;50m[48;2;156;8;178m0[38;2;6;1;17m[48;2;47;6;133m0[38;2;2;0;6m[48;2;22;3;82m0[38;2;13;3;15m[48;2;77;18;88m0[38;2;47;15;48m[48;2;142;44;145m0[38;2;6;1;6m[48;2;50;13;53m0[38;2;0;0;0m[48;2;4;1;8m0[38;2;0;0;0m[48;2;1;1;3m0[38;2;0;0;0m[48;2;2;1;5m0[38;2;0;0;0m[48;2;9;1;18m0[38;2;6;2;8m[48;2;53;12;66m0[38;2;2;0;3m[48;2;25;6;52m0[38;2;0;0;3m[48;2;10;2;62m0[38;2;1;0;4m[48;2;13;3;73m0[38;2;2;0;7m[48;2;24;4;86m0[38;2;14;2;25m[48;2;79;10;139m0[38;2;34;3;48m[48;2;128;13;184m0[38;2;38;4;54m[48;2;137;14;193m0[38;2;38;4;51m[48;2;137;14;184m0[38;2;36;3;45m[48;2;137;12;171m0[38;2;35;3;41m[48;2;136;11;161m0[38;2;33;2;38m[48;2;134;10;153m0[38;2;17;2;20m[48;2;95;10;109m0[38;2;11;1;11m[48;2;75;8;75m0[38;2;27;2;24m[48;2;123;10;111m0[38;2;29;1;27m[48;2;130;7;120m0[38;2;7;0;6m[48;2;62;3;61m0[38;2;1;0;2m[48;2;28;1;31m0[38;2;0;0;0m[48;2;14;0;19m0[0m
[0m[38;2;2;0;3m[48;2;27;4;45m0[38;2;2;0;3m[48;2;32;5;49m0[38;2;4;0;5m[48;2;45;4;58m0[38;2;13;1;13m[48;2;87;5;86m0[38;2;45;3;40m[48;2;163;11;142m0[38;2;19;2;16m[48;2;105;9;88m0[38;2;47;2;35m[48;2;171;6;129m0[38;2;80;2;60m[48;2;226;5;171m0[38;2;93;3;73m[48;2;242;7;190m0[38;2;102;3;85m[48;2;252;7;209m0[38;2;89;3;76m[48;2;234;7;199m0[38;2;21;1;29m[48;2;103;5;147m0[38;2;3;0;9m[48;2;31;4;99m0[38;2;1;0;3m[48;2;16;3;64m0[38;2;0;0;1m[48;2;7;2;30m0[38;2;0;0;0m[48;2;8;2;18m0[38;2;1;0;1m[48;2;24;3;27m0[38;2;1;0;1m[48;2;26;3;23m0[38;2;1;0;1m[48;2;27;4;23m0[38;2;1;0;1m[48;2;26;3;24m0[38;2;1;0;1m[48;2;20;2;21m0[38;2;0;0;0m[48;2;13;1;17m0[38;2;0;0;0m[48;2;8;1;14m0[38;2;0;0;0m[48;2;9;2;13m0[38;2;0;0;0m[48;2;9;2;11m0[38;2;0;0;0m[48;2;2;1;6m0[38;2;0;0;0m[48;2;6;2;16m0[38;2;3;0;5m[48;2;37;4;59m0[38;2;17;2;24m[48;2;91;10;128m0[38;2;35;4;49m[48;2;131;14;183m0[38;2;40;4;55m[48;2;141;14;194m0[38;2;41;4;55m[48;2;142;14;193m0[38;2;41;4;55m[48;2;143;14;191m0[38;2;41;4;54m[48;2;144;14;189m0[38;2;36;3;47m[48;2;134;13;176m0[38;2;16;2;19m[48;2;92;9;108m0[38;2;17;1;16m[48;2;99;8;90m0[38;2;35;2;31m[48;2;142;9;128m0[38;2;8;0;8m[48;2;69;3;68m0[38;2;1;0;1m[48;2;25;1;32m0[0m
[0m[38;2;2;0;4m[48;2;30;5;51m0[38;2;3;0;5m[48;2;38;6;56m0[38;2;7;1;9m[48;2;63;5;73m0[38;2;40;3;37m[48;2;152;10;140m0[38;2;30;2;25m[48;2;131;11;110m0[38;2;49;3;40m[48;2;171;9;141m0[38;2;97;2;77m[48;2;247;6;197m0[38;2;102;3;83m[48;2;252;7;206m0[38;2;103;2;87m[48;2;254;6;214m0[38;2;82;2;67m[48;2;226;6;185m0[38;2;14;1;12m[48;2;92;4;77m0[38;2;0;0;0m[48;2;10;2;18m0[38;2;1;0;1m[48;2;17;4;17m0[38;2;5;1;4m[48;2;49;7;42m0[38;2;5;1;4m[48;2;51;7;43m0[38;2;5;1;5m[48;2;52;6;51m0[38;2;5;0;6m[48;2;50;5;57m0[38;2;3;0;4m[48;2;41;4;52m0[38;2;3;0;4m[48;2;37;6;48m0[38;2;3;1;4m[48;2;39;7;51m0[38;2;6;1;7m[48;2;52;7;69m0[38;2;10;1;14m[48;2;69;6;100m0[38;2;5;1;6m[48;2;48;6;65m0[38;2;2;0;2m[48;2;35;5;36m0[38;2;4;1;4m[48;2;42;6;43m0[38;2;7;1;8m[48;2;59;10;66m0[38;2;7;1;8m[48;2;64;5;65m0[38;2;3;0;3m[48;2;36;5;38m0[38;2;0;0;0m[48;2;5;2;7m0[38;2;1;0;2m[48;2;26;3;32m0[38;2;10;1;13m[48;2;72;7;91m0[38;2;27;3;34m[48;2;117;11;148m0[38;2;41;4;51m[48;2;146;13;182m0[38;2;44;3;56m[48;2;152;12;191m0[38;2;45;3;56m[48;2;153;12;191m0[38;2;46;3;55m[48;2;157;11;189m0[38;2;31;2;35m[48;2;131;8;148m0[38;2;19;2;18m[48;2;104;9;99m0[38;2;32;2;30m[48;2;135;10;125m0[38;2;3;0;3m[48;2;39;2;48m0[0m
[0m[38;2;3;1;5m[48;2;34;7;58m0[38;2;5;1;7m[48;2;46;6;66m0[38;2;20;1;21m[48;2;106;7;109m0[38;2;46;3;39m[48;2;163;12;139m0[38;2;48;3;40m[48;2;169;10;141m0[38;2;103;3;86m[48;2;254;7;212m0[38;2;104;3;87m[48;2;254;7;213m0[38;2;102;2;85m[48;2;253;5;211m0[38;2;62;2;50m[48;2;195;7;157m0[38;2;4;0;3m[48;2;51;4;39m0[38;2;0;0;0m[48;2;2;2;2m0[38;2;7;1;6m[48;2;60;7;51m0[38;2;22;3;19m[48;2;108;15;93m0[38;2;14;7;15m[48;2;71;35;77m0[38;2;2;0;2m[48;2;36;4;34m0[38;2;4;0;4m[48;2;49;5;44m0[38;2;9;1;8m[48;2;68;7;67m0[38;2;9;1;10m[48;2;68;7;77m0[38;2;8;1;12m[48;2;63;8;89m0[38;2;9;2;14m[48;2;63;13;96m0[38;2;8;1;10m[48;2;63;9;78m0[38;2;9;1;9m[48;2;71;6;68m0[38;2;24;2;20m[48;2;120;8;97m0[38;2;31;3;25m[48;2;133;13;109m0[38;2;16;1;13m[48;2;98;6;82m0[38;2;14;5;20m[48;2;75;25;103m0[38;2;7;8;14m[48;2;40;45;75m0[38;2;5;1;6m[48;2;53;6;55m0[38;2;11;1;11m[48;2;75;8;79m0[38;2;1;0;1m[48;2;20;3;21m0[38;2;0;0;0m[48;2;0;1;1m0[38;2;0;0;0m[48;2;2;1;2m0[38;2;1;0;1m[48;2;21;3;21m0[38;2;4;0;4m[48;2;48;4;49m0[38;2;8;1;8m[48;2;67;5;69m0[38;2;11;1;12m[48;2;81;4;82m0[38;2;15;1;15m[48;2;93;5;92m0[38;2;17;2;16m[48;2;97;9;91m0[38;2;28;3;26m[48;2;124;11;114m0[38;2;3;0;3m[48;2;37;3;47m0[0m
[0m[38;2;3;1;6m[48;2;36;9;67m0[38;2;5;1;8m[48;2;49;8;71m0[38;2;28;2;27m[48;2;126;8;124m0[38;2;30;3;25m[48;2;132;11;110m0[38;2;84;3;70m[48;2;228;8;189m0[38;2;101;2;83m[48;2;252;5;208m0[38;2;76;3;61m[48;2;217;8;174m0[38;2;21;1;16m[48;2;113;6;88m0[38;2;0;0;0m[48;2;14;3;10m0[38;2;0;0;0m[48;2;1;0;1m0[38;2;0;0;0m[48;2;11;3;11m0[38;2;22;2;19m[48;2;113;9;96m0[38;2;3;3;4m[48;2;27;29;36m0[38;2;42;29;52m[48;2;112;79;140m0[38;2;25;2;22m[48;2;118;11;104m0[38;2;66;6;54m[48;2;194;17;159m0[38;2;85;16;71m[48;2;208;39;173m0[38;2;29;2;24m[48;2;132;9;107m0[38;2;25;6;24m[48;2;107;27;101m0[38;2;21;2;25m[48;2;104;10;125m0[38;2;27;3;26m[48;2;120;13;115m0[38;2;28;3;24m[48;2;125;12;107m0[38;2;58;8;50m[48;2;176;25;150m0[38;2;70;12;59m[48;2;190;31;161m0[38;2;35;2;30m[48;2;142;9;124m0[38;2;22;3;27m[48;2;105;12;128m0[38;2;36;39;68m[48;2;89;96;169m0[38;2;2;4;6m[48;2;20;32;48m0[38;2;2;1;3m[48;2;30;7;42m0[38;2;4;1;5m[48;2;45;8;50m0[38;2;4;1;4m[48;2;43;7;43m0[38;2;1;0;1m[48;2;27;2;24m0[38;2;2;0;2m[48;2;36;2;31m0[38;2;7;0;6m[48;2;65;4;56m0[38;2;15;1;13m[48;2;94;6;81m0[38;2;21;1;19m[48;2;110;7;99m0[38;2;21;1;19m[48;2;111;8;101m0[38;2;12;1;12m[48;2;80;8;80m0[38;2;3;0;4m[48;2;40;3;50m0[38;2;1;0;2m[48;2;24;1;40m0[0m
[0m[38;2;4;1;8m[48;2;37;13;74m0[38;2;5;1;8m[48;2;42;12;74m0[38;2;11;2;14m[48;2;73;11;91m0[38;2;27;3;25m[48;2;121;14;110m0[38;2;27;2;23m[48;2;125;9;106m0[38;2;20;1;17m[48;2;108;8;90m0[38;2;5;0;4m[48;2;51;4;43m0[38;2;1;0;1m[48;2;26;1;23m0[38;2;1;0;1m[48;2;22;1;19m0[38;2;1;0;1m[48;2;23;1;20m0[38;2;7;1;6m[48;2;62;6;53m0[38;2;6;1;6m[48;2;56;10;52m0[38;2;27;25;32m[48;2;84;77;100m0[38;2;85;55;102m[48;2;164;105;196m1[38;2;36;2;39m[48;2;144;7;153m0[38;2;38;2;37m[48;2;148;9;144m0[38;2;34;2;32m[48;2;141;9;131m0[38;2;31;2;29m[48;2;136;8;123m0[38;2;89;25;84m[48;2;200;55;188m0[38;2;19;2;28m[48;2;97;8;141m0[38;2;58;4;60m[48;2;180;12;187m0[38;2;41;2;41m[48;2;153;8;155m0[38;2;10;1;12m[48;2;74;5;86m0[38;2;15;1;17m[48;2;89;7;104m0[38;2;22;2;26m[48;2;109;8;129m0[38;2;21;2;28m[48;2;105;8;137m0[38;2;42;25;67m[48;2;112;68;181m0[38;2;24;35;54m[48;2;67;96;147m0[38;2;5;1;7m[48;2;46;9;67m0[38;2;10;2;13m[48;2;71;11;89m0[38;2;27;2;25m[48;2;123;9;114m0[38;2;26;2;24m[48;2;121;7;115m0[38;2;24;2;23m[48;2;117;8;112m0[38;2;19;1;19m[48;2;102;8;102m0[38;2;10;1;12m[48;2;75;5;84m0[38;2;6;1;8m[48;2;57;5;69m0[38;2;4;1;6m[48;2;46;6;61m0[38;2;3;0;4m[48;2;38;5;54m0[38;2;2;0;4m[48;2;33;5;50m0[38;2;1;0;3m[48;2;25;2;46m0[0m
[0m[38;2;5;3;13m[48;2;38;23;91m0[38;2;5;2;11m[48;2;39;19;85m0[38;2;5;2;10m[48;2;43;15;80m0[38;2;6;2;10m[48;2;50;12;81m0[38;2;8;2;11m[48;2;59;11;85m0[38;2;13;2;16m[48;2;79;10;98m0[38;2;20;2;22m[48;2;103;11;111m0[38;2;23;2;24m[48;2;113;10;115m0[38;2;25;2;25m[48;2;118;10;117m0[38;2;25;2;24m[48;2;120;8;116m0[38;2;25;2;23m[48;2;121;8;109m0[38;2;9;1;9m[48;2;68;10;65m0[38;2;31;14;33m[48;2;106;49;116m0[38;2;34;19;42m[48;2;107;59;132m0[38;2;5;1;7m[48;2;47;7;66m0[38;2;2;0;3m[48;2;27;5;42m0[38;2;2;0;2m[48;2;31;4;37m0[38;2;12;2;11m[48;2;81;11;71m0[38;2;28;9;26m[48;2;110;35;103m0[38;2;10;2;13m[48;2;67;11;89m0[38;2;9;2;11m[48;2;66;11;82m0[38;2;8;1;8m[48;2;63;7;68m0[38;2;8;1;8m[48;2;64;7;66m0[38;2;5;0;5m[48;2;49;5;51m0[38;2;2;0;2m[48;2;33;4;30m0[38;2;2;0;2m[48;2;32;5;36m0[38;2;4;1;5m[48;2;38;13;51m0[38;2;11;1;12m[48;2;77;6;85m0[38;2;14;2;18m[48;2;83;11;107m0[38;2;3;1;4m[48;2;38;7;46m0[38;2;11;1;11m[48;2;78;8;79m0[38;2;17;2;19m[48;2;94;10;107m0[38;2;7;1;9m[48;2;56;8;77m0[38;2;5;1;7m[48;2;49;6;72m0[38;2;4;1;7m[48;2;45;7;68m0[38;2;4;1;6m[48;2;42;6;63m0[38;2;3;1;5m[48;2;39;6;60m0[38;2;3;1;5m[48;2;38;6;58m0[38;2;3;1;5m[48;2;37;6;56m0[38;2;2;0;4m[48;2;32;2;55m0[0m
[0m[38;2;6;4;14m[48;2;40;24;96m0[38;2;6;3;13m[48;2;41;22;92m0[38;2;6;3;12m[48;2;42;20;89m0[38;2;6;3;12m[48;2;42;20;88m0[38;2;6;3;12m[48;2;44;20;89m0[38;2;6;2;12m[48;2;45;18;89m0[38;2;7;2;12m[48;2;49;16;89m0[38;2;7;2;12m[48;2;52;15;89m0[38;2;8;2;12m[48;2;56;14;90m0[38;2;9;2;13m[48;2;62;12;91m0[38;2;15;2;17m[48;2;86;10;98m0[38;2;5;1;5m[48;2;48;8;50m0[38;2;18;2;18m[48;2;99;12;94m0[38;2;20;2;17m[48;2;107;9;91m0[38;2;10;2;9m[48;2;71;15;59m0[38;2;8;1;6m[48;2;63;10;50m0[38;2;19;2;14m[48;2;104;8;80m0[38;2;35;5;28m[48;2;138;20;111m0[38;2;19;4;17m[48;2;97;19;88m0[38;2;5;1;6m[48;2;50;7;61m0[38;2;8;2;10m[48;2;62;11;78m0[38;2;25;5;26m[48;2;110;21;113m0[38;2;37;7;37m[48;2;135;25;133m0[38;2;17;3;17m[48;2;95;14;92m0[38;2;9;1;8m[48;2;69;8;61m0[38;2;3;1;3m[48;2;35;8;38m0[38;2;2;0;2m[48;2;28;5;32m0[38;2;26;1;23m[48;2;125;6;110m0[38;2;19;2;18m[48;2;105;8;96m0[38;2;1;0;1m[48;2;19;3;28m0[38;2;6;1;7m[48;2;55;5;63m0[38;2;32;2;33m[48;2;134;7;140m0[38;2;8;1;12m[48;2;63;8;88m0[38;2;6;1;8m[48;2;49;9;76m0[38;2;5;1;8m[48;2;48;9;74m0[38;2;5;1;7m[48;2;46;8;71m0[38;2;5;1;7m[48;2;45;7;70m0[38;2;4;1;7m[48;2;44;7;68m0[38;2;4;1;6m[48;2;43;8;65m0[38;2;3;0;5m[48;2;39;4;63m0[0m
[0m[38;2;13;4;19m[48;2;71;24;103m0[38;2;26;6;26m[48;2;112;24;112m0[38;2;14;5;20m[48;2;75;24;103m0[38;2;14;5;20m[48;2;70;28;103m0[38;2;15;6;21m[48;2;75;30;105m0[38;2;8;4;16m[48;2;51;25;99m0[38;2;7;4;15m[48;2;46;24;98m0[38;2;7;3;15m[48;2;47;23;97m0[38;2;7;3;14m[48;2;48;21;96m0[38;2;16;3;22m[48;2;86;16;118m0[38;2;35;2;33m[48;2;142;9;134m0[38;2;3;0;3m[48;2;40;3;45m0[38;2;27;2;23m[48;2;127;8;108m0[38;2;33;1;26m[48;2;143;6;113m0[38;2;3;1;3m[48;2;41;8;38m0[38;2;5;1;5m[48;2;51;11;47m0[38;2;24;2;21m[48;2;118;10;102m0[38;2;54;9;49m[48;2;165;28;152m0[38;2;34;9;35m[48;2;123;32;127m0[38;2;19;3;22m[48;2;95;16;111m0[38;2;16;3;20m[48;2;87;15;108m0[38;2;14;3;17m[48;2;79;18;97m0[38;2;10;2;12m[48;2;66;13;86m0[38;2;31;2;33m[48;2;130;9;141m0[38;2;6;0;6m[48;2;56;5;58m0[38;2;2;0;3m[48;2;35;5;37m0[38;2;0;0;0m[48;2;12;3;14m0[38;2;12;1;11m[48;2;83;7;72m0[38;2;18;2;15m[48;2;101;9;83m0[38;2;1;0;1m[48;2;21;3;31m0[38;2;3;0;5m[48;2;36;6;58m0[38;2;2;0;3m[48;2;35;5;42m0[38;2;7;1;9m[48;2;60;7;73m0[38;2;14;2;16m[48;2;85;10;98m0[38;2;17;2;19m[48;2;94;9;108m0[38;2;10;1;13m[48;2;68;10;90m0[38;2;6;1;9m[48;2;49;10;77m0[38;2;5;1;8m[48;2;48;9;75m0[38;2;5;1;8m[48;2;47;9;72m0[38;2;4;0;7m[48;2;43;4;72m0[0m
[0m[38;2;11;4;18m[48;2;63;25;103m0[38;2;16;5;21m[48;2;80;25;106m0[38;2;10;4;18m[48;2;58;26;102m0[38;2;13;5;20m[48;2;67;28;107m0[38;2;13;6;22m[48;2;67;31;109m0[38;2;9;6;20m[48;2;50;31;112m0[38;2;10;9;29m[48;2;48;43;136m0[38;2;10;8;26m[48;2;49;38;129m0[38;2;10;4;18m[48;2;56;24;107m0[38;2;24;4;29m[48;2;107;17;130m0[38;2;11;1;11m[48;2;79;7;77m0[38;2;1;0;1m[48;2;17;2;20m0[38;2;4;0;3m[48;2;44;5;38m0[38;2;15;1;12m[48;2;95;7;75m0[38;2;8;1;6m[48;2;67;5;54m0[38;2;24;2;19m[48;2;119;9;94m0[38;2;4;0;4m[48;2;50;5;43m0[38;2;9;1;9m[48;2;72;6;67m0[38;2;2;0;2m[48;2;27;5;31m0[38;2;0;0;0m[48;2;10;2;13m0[38;2;0;0;0m[48;2;8;2;11m0[38;2;0;0;0m[48;2;12;3;16m0[38;2;2;0;2m[48;2;28;4;38m0[38;2;4;0;5m[48;2;46;5;52m0[38;2;4;0;4m[48;2;47;5;42m0[38;2;31;2;25m[48;2;137;9;108m0[38;2;20;1;15m[48;2;110;7;82m0[38;2;16;1;13m[48;2;98;8;78m0[38;2;2;0;2m[48;2;31;4;29m0[38;2;8;1;8m[48;2;63;6;67m0[38;2;12;1;15m[48;2;78;8;96m0[38;2;9;1;11m[48;2;65;10;83m0[38;2;1;0;2m[48;2;20;4;34m0[38;2;3;0;4m[48;2;38;4;53m0[38;2;10;1;10m[48;2;73;5;76m0[38;2;17;1;18m[48;2;98;6;104m0[38;2;14;1;16m[48;2;86;9;97m0[38;2;9;2;12m[48;2;62;11;88m0[38;2;6;1;10m[48;2;50;12;80m0[38;2;5;1;9m[48;2;46;8;80m0[0m
[0m[38;2;12;5;20m[48;2;66;27;107m0[38;2;15;6;22m[48;2;76;28;108m0[38;2;19;6;24m[48;2;87;27;111m0[38;2;25;7;28m[48;2;105;28;116m0[38;2;12;5;20m[48;2;63;27;108m0[38;2;10;5;20m[48;2;54;28;113m0[38;2;19;7;32m[48;2;81;31;140m0[38;2;15;4;23m[48;2;79;22;118m0[38;2;21;2;22m[48;2;105;10;111m0[38;2;26;2;27m[48;2;120;7;126m0[38;2;1;0;2m[48;2;24;4;38m0[38;2;1;0;1m[48;2;18;1;26m0[38;2;1;0;1m[48;2;16;2;22m0[38;2;1;0;1m[48;2;16;2;19m0[38;2;18;2;14m[48;2;100;9;82m0[38;2;69;3;54m[48;2;207;8;163m0[38;2;32;2;25m[48;2;139;9;107m0[38;2;11;1;9m[48;2;81;7;64m0[38;2;6;1;5m[48;2;58;5;53m0[38;2;3;0;3m[48;2;43;3;42m0[38;2;3;0;3m[48;2;43;3;41m0[38;2;7;1;7m[48;2;65;5;58m0[38;2;6;1;5m[48;2;56;5;49m0[38;2;7;1;6m[48;2;62;6;55m0[38;2;29;1;23m[48;2;134;7;105m0[38;2;68;3;52m[48;2;205;8;159m0[38;2;32;1;25m[48;2;140;6;109m0[38;2;20;1;16m[48;2;109;5;90m0[38;2;10;1;9m[48;2;73;7;68m0[38;2;16;2;15m[48;2;95;9;87m0[38;2;6;1;7m[48;2;57;5;62m0[38;2;18;2;21m[48;2;98;11;111m0[38;2;2;0;3m[48;2;31;6;42m0[38;2;0;0;1m[48;2;11;3;38m0[38;2;6;1;10m[48;2;54;4;89m0[38;2;20;1;26m[48;2;103;7;130m0[38;2;21;2;24m[48;2;105;10;121m0[38;2;20;2;23m[48;2;100;12;116m0[38;2;11;2;15m[48;2;72;11;99m0[38;2;8;1;12m[48;2;60;8;92m0[0m
[0m[38;2;11;5;21m[48;2;60;29;113m0[38;2;19;7;26m[48;2;85;30;117m0[38;2;16;6;24m[48;2;78;29;114m0[38;2;13;5;21m[48;2;66;28;110m0[38;2;13;4;20m[48;2;71;21;112m0[38;2;27;3;28m[48;2;119;12;126m0[38;2;12;1;13m[48;2;79;6;90m0[38;2;2;0;3m[48;2;29;4;45m0[38;2;5;0;6m[48;2;54;4;58m0[38;2;5;1;5m[48;2;52;7;55m0[38;2;0;0;0m[48;2;11;3;17m0[38;2;0;0;0m[48;2;11;2;15m0[38;2;0;0;1m[48;2;15;3;18m0[38;2;3;1;3m[48;2;41;7;42m0[38;2;12;1;11m[48;2;84;7;74m0[38;2;39;2;33m[48;2;154;7;128m0[38;2;57;2;44m[48;2;187;8;147m0[38;2;58;2;44m[48;2;190;7;144m0[38;2;32;2;24m[48;2;140;7;105m0[38;2;3;0;3m[48;2;43;4;35m0[38;2;5;0;4m[48;2;56;4;44m0[38;2;44;2;33m[48;2;166;6;126m0[38;2;47;2;36m[48;2;173;6;132m0[38;2;31;2;24m[48;2;135;9;106m0[38;2;72;3;55m[48;2;212;8;161m0[38;2;41;2;33m[48;2;160;6;126m0[38;2;26;1;23m[48;2;125;6;110m0[38;2;15;1;15m[48;2;91;6;93m0[38;2;10;1;12m[48;2;74;6;86m0[38;2;1;0;1m[48;2;21;4;27m0[38;2;1;0;2m[48;2;23;3;38m0[38;2;2;0;3m[48;2;28;4;48m0[38;2;0;0;0m[48;2;6;3;17m0[38;2;0;0;1m[48;2;5;3;24m0[38;2;0;0;1m[48;2;8;3;35m0[38;2;1;0;3m[48;2;18;4;52m0[38;2;2;0;4m[48;2;26;4;56m0[38;2;5;1;8m[48;2;47;7;76m0[38;2;8;1;12m[48;2;62;6;93m0[38;2;30;2;33m[48;2;130;7;143m0[0m
[0m[38;2;9;5;19m[48;2;53;27;109m0[38;2;11;5;20m[48;2;62;26;110m0[38;2;10;5;19m[48;2;57;26;110m0[38;2;13;4;21m[48;2;70;22;116m0[38;2;27;3;32m[48;2;116;15;137m0[38;2;20;1;22m[48;2;105;8;112m0[38;2;3;0;5m[48;2;36;6;57m0[38;2;9;1;10m[48;2;65;8;79m0[38;2;22;1;22m[48;2;111;7;111m0[38;2;1;0;1m[48;2;23;4;30m0[38;2;1;0;1m[48;2;17;2;24m0[38;2;0;0;0m[48;2;12;2;18m0[38;2;10;1;9m[48;2;73;10;64m0[38;2;9;1;8m[48;2;72;8;65m0[38;2;15;1;13m[48;2;93;6;80m0[38;2;30;3;27m[48;2;129;13;114m0[38;2;35;2;30m[48;2;142;9;122m0[38;2;32;2;26m[48;2;136;10;111m0[38;2;30;3;23m[48;2;131;14;101m0[38;2;2;0;2m[48;2;35;6;30m0[38;2;4;1;3m[48;2;45;8;36m0[38;2;44;3;34m[48;2;160;12;124m0[38;2;30;2;23m[48;2;133;9;104m0[38;2;24;2;19m[48;2;118;8;93m0[38;2;29;2;23m[48;2;131;7;105m0[38;2;16;1;16m[48;2;96;6;95m0[38;2;15;1;17m[48;2;90;7;100m0[38;2;15;1;18m[48;2;90;8;105m0[38;2;7;1;8m[48;2;57;7;70m0[38;2;1;0;1m[48;2;17;4;21m0[38;2;4;0;6m[48;2;47;4;66m0[38;2;6;1;8m[48;2;54;5;77m0[38;2;0;0;0m[48;2;3;1;4m0[38;2;0;0;0m[48;2;1;1;2m0[38;2;0;0;0m[48;2;1;0;2m0[38;2;0;0;0m[48;2;4;1;13m0[38;2;1;0;1m[48;2;15;3;28m0[38;2;1;0;1m[48;2;18;3;34m0[38;2;1;0;2m[48;2;19;2;37m0[38;2;1;0;3m[48;2;23;3;57m0[0m
[0m[38;2;13;3;20m[48;2;71;19;113m0[38;2;26;4;30m[48;2;114;16;129m0[38;2;27;2;28m[48;2;121;10;126m0[38;2;25;2;25m[48;2;119;8;119m0[38;2;7;1;8m[48;2;63;5;72m0[38;2;2;0;3m[48;2;32;5;46m0[38;2;1;0;2m[48;2;24;4;33m0[38;2;12;1;13m[48;2;80;9;85m0[38;2;14;1;16m[48;2;87;6;98m0[38;2;1;0;2m[48;2;24;3;34m0[38;2;1;0;1m[48;2;17;3;27m0[38;2;1;0;1m[48;2;16;3;33m0[38;2;23;2;22m[48;2;114;8;109m0[38;2;5;1;5m[48;2;52;7;48m0[38;2;38;2;33m[48;2;149;9;129m0[38;2;27;2;23m[48;2;126;7;108m0[38;2;13;2;13m[48;2;83;11;84m0[38;2;5;1;6m[48;2;49;8;57m0[38;2;6;1;6m[48;2;54;8;55m0[38;2;7;1;5m[48;2;60;8;48m0[38;2;12;1;10m[48;2;82;10;68m0[38;2;12;1;12m[48;2;81;9;81m0[38;2;15;1;17m[48;2;90;8;102m0[38;2;1;0;1m[48;2;22;5;27m0[38;2;3;0;4m[48;2;36;5;50m0[38;2;6;1;8m[48;2;57;6;73m0[38;2;6;1;7m[48;2;55;6;65m0[38;2;12;2;14m[48;2;78;10;88m0[38;2;3;0;4m[48;2;36;6;47m0[38;2;1;0;1m[48;2;15;4;35m0[38;2;1;0;2m[48;2;22;3;34m0[38;2;9;1;12m[48;2;67;6;91m0[38;2;2;0;4m[48;2;27;5;61m0[38;2;1;0;2m[48;2;18;4;47m0[38;2;1;0;1m[48;2;14;3;36m0[38;2;0;0;1m[48;2;9;2;26m0[38;2;0;0;0m[48;2;4;2;10m0[38;2;0;0;0m[48;2;1;1;7m0[38;2;0;0;1m[48;2;3;3;27m0[38;2;0;0;0m[48;2;1;2;12m0[0m
[0m[38;2;29;3;34m[48;2;123;11;145m0[38;2;20;1;23m[48;2;105;6;121m0[38;2;1;0;1m[48;2;18;3;26m0[38;2;4;0;5m[48;2;45;5;59m0[38;2;0;0;1m[48;2;4;3;24m0[38;2;6;1;7m[48;2;57;6;65m0[38;2;19;2;23m[48;2;100;11;118m0[38;2;10;1;13m[48;2;71;8;92m0[38;2;2;0;2m[48;2;31;5;34m0[38;2;0;0;0m[48;2;5;1;14m0[38;2;1;0;2m[48;2;14;2;41m0[38;2;5;0;6m[48;2;48;4;67m0[38;2;23;1;21m[48;2;115;7;104m0[38;2;2;0;2m[48;2;32;6;31m0[38;2;7;1;8m[48;2;61;8;64m0[38;2;5;1;6m[48;2;48;13;53m0[38;2;29;5;32m[48;2;117;22;129m0[38;2;5;0;6m[48;2;48;5;65m0[38;2;10;1;12m[48;2;71;5;91m0[38;2;6;1;5m[48;2;55;6;53m0[38;2;6;1;6m[48;2;55;6;62m0[38;2;7;1;10m[48;2;61;6;82m0[38;2;29;2;34m[48;2;126;8;148m0[38;2;11;2;13m[48;2;75;10;85m0[38;2;7;2;9m[48;2;54;13;71m0[38;2;12;2;14m[48;2;76;13;87m0[38;2;8;1;8m[48;2;64;6;69m0[38;2;1;0;1m[48;2;19;3;20m0[38;2;1;0;2m[48;2;18;2;43m0[38;2;1;0;3m[48;2;19;2;56m0[38;2;0;0;1m[48;2;6;1;26m0[38;2;0;0;2m[48;2;10;3;42m0[38;2;2;0;5m[48;2;23;4;71m0[38;2;4;1;9m[48;2;38;6;89m0[38;2;3;0;6m[48;2;34;4;72m0[38;2;1;0;3m[48;2;16;5;49m0[38;2;0;0;0m[48;2;8;2;15m0[38;2;0;0;1m[48;2;3;3;42m0[38;2;0;0;1m[48;2;2;3;33m0[38;2;0;0;1m[48;2;3;3;39m0[0m
[0m[38;2;46;2;50m[48;2;162;7;175m0[38;2;2;0;4m[48;2;33;2;57m0[38;2;0;0;0m[48;2;3;2;8m0[38;2;5;1;8m[48;2;51;5;73m0[38;2;0;0;1m[48;2;8;4;35m0[38;2;0;0;0m[48;2;6;4;13m0[38;2;13;2;15m[48;2;83;11;91m0[38;2;16;2;20m[48;2;90;10;113m0[38;2;1;0;2m[48;2;16;3;44m0[38;2;0;0;1m[48;2;7;1;34m0[38;2;2;0;4m[48;2;24;7;54m0[38;2;28;4;31m[48;2;118;18;130m0[38;2;19;1;17m[48;2;107;5;94m0[38;2;10;1;10m[48;2;75;8;73m0[38;2;9;1;11m[48;2;68;7;83m0[38;2;8;1;10m[48;2;62;8;78m0[38;2;25;4;28m[48;2;112;16;126m0[38;2;1;0;1m[48;2;14;4;24m0[38;2;2;0;3m[48;2;30;4;49m0[38;2;3;0;4m[48;2;40;4;46m0[38;2;2;0;2m[48;2;35;6;35m0[38;2;3;1;4m[48;2;40;7;51m0[38;2;3;0;4m[48;2;36;3;55m0[38;2;20;1;25m[48;2;102;7;129m0[38;2;2;0;4m[48;2;32;5;52m0[38;2;14;3;20m[48;2;77;17;112m0[38;2;18;3;22m[48;2;94;16;110m0[38;2;0;0;1m[48;2;15;2;17m0[38;2;1;0;3m[48;2;20;2;58m0[38;2;0;0;1m[48;2;6;2;34m0[38;2;0;0;1m[48;2;7;1;41m0[38;2;2;0;5m[48;2;25;3;70m0[38;2;4;1;9m[48;2;37;7;90m0[38;2;0;0;1m[48;2;9;3;25m0[38;2;0;0;0m[48;2;1;1;5m0[38;2;0;0;0m[48;2;2;2;22m0[38;2;0;0;0m[48;2;1;0;4m0[38;2;0;0;1m[48;2;3;1;41m0[38;2;0;0;1m[48;2;3;3;29m0[38;2;0;0;1m[48;2;3;4;38m0[0m
